{
  "Console1": {
    "MTMR": {
      "name": "MTMR_PRIMARY",
      "BASEFRAME" : [[  1.0,  0.0,          0.0,          0.20],
                     [  0.0, -0.866025404,  0.5,          0.0 ],
                     [  0.0, -0.5,         -0.866025404,  0.0 ],
                     [  0.0,  0.0,          0.0,          1.0 ]]
    },
    "MTML": {
      "name": "MTML_PRIMARY",
      "BASEFRAME" : [[  1.0,  0.0,          0.0,          0.20],
                     [  0.0, -0.866025404,  0.5,          0.0 ],
                     [  0.0, -0.5,         -0.866025404,  0.0 ],
                     [  0.0,  0.0,          0.0,          1.0 ]]
    },
    "CURSOR": "CURSOR1"
  },
  "Console2": {
    "MTMR": {
      "name": "MTMR_SECONDARY",
      "BASEFRAME" : [[  1.0,  0.0,          0.0,          0.20],
                     [  0.0, -0.866025404,  0.5,          0.0 ],
                     [  0.0, -0.5,         -0.866025404,  0.0 ],
                     [  0.0,  0.0,          0.0,          1.0 ]]
    },
    "MTML": {
      "name": "MTML_SECONDARY",
      "BASEFRAME" : [[  1.0,  0.0,          0.0,          0.20],
                     [  0.0, -0.866025404,  0.5,          0.0 ],
                     [  0.0, -0.5,         -0.866025404,  0.0 ],
                     [  0.0,  0.0,          0.0,          1.0 ]]
    },
    "CURSOR": "CURSOR2"
  },
  "Topic-Config": "data/generic_topic_configuration.json"
}