{
  "stpConsole1": {
    "MTMR": {
      "name": "MTMR_PRIMARY",
      "CURSOR": "R1_CURSOR",
      "BASEFRAME" : [[  1.0,  0.0,          0.0,          0.20],
                     [  0.0, -0.866025404,  0.5,          0.0 ],
                     [  0.0, -0.5,         -0.866025404,  0.0 ],
                     [  0.0,  0.0,          0.0,          1.0 ]]
    },
    "MTML": {
      "name": "MTML_PRIMARY",
      "CURSOR": "L1_CURSOR",
      "BASEFRAME" : [[  1.0,  0.0,          0.0,          0.20],
                     [  0.0, -0.866025404,  0.5,          0.0 ],
                     [  0.0, -0.5,         -0.866025404,  0.0 ],
                     [  0.0,  0.0,          0.0,          1.0 ]]
    }
  },
  "stpConsole2": {
    "MTMR": {
      "name": "MTMR_SECONDARY",
      "CURSOR": "R2_CURSOR",
      "BASEFRAME" : [[  1.0,  0.0,          0.0,          0.20],
                     [  0.0, -0.866025404,  0.5,          0.0 ],
                     [  0.0, -0.5,         -0.866025404,  0.0 ],
                     [  0.0,  0.0,          0.0,          1.0 ]]
    },
    "MTML": {
      "name": "MTML_SECONDARY",
      "CURSOR": "L2_CURSOR",
      "BASEFRAME" : [[  1.0,  0.0,          0.0,          0.20],
                     [  0.0, -0.866025404,  0.5,          0.0 ],
                     [  0.0, -0.5,         -0.866025404,  0.0 ],
                     [  0.0,  0.0,          0.0,          1.0 ]]
    }
  },
  "Topic-Config": "data/generic_topic_configuration.json"
}
